2.0000 0.0034
3.0000 0.0035
4.0000 0.0035
5.0000 0.0065
6.0000 0.0100
7.0000 0.0110
8.0000 0.0170
9.0000 0.0185
10.0000 0.0430
11.0000 0.0476
12.0000 0.0736
13.0000 0.1141
14.0000 0.1456
15.0000 0.1922
16.0000 0.2282
17.0000 0.3503
18.0000 0.4610
19.0000 0.5730
20.0000 0.7457
21.0000 0.9683
22.0000 1.0167
23.0000 1.4606
24.0000 1.7049
25.0000 2.0040
26.0000 2.4619
27.0000 3.0231
28.0000 3.3409
29.0000 3.9375
30.0000 5.3217
31.0000 6.0302
32.0000 6.5768
33.0000 7.7202
34.0000 9.3518
35.0000 10.2016
36.0000 12.8966
37.0000 13.8660
38.0000 17.4593
39.0000 17.4150
40.0000 19.3709
41.0000 24.1003
42.0000 25.9762
43.0000 29.0599
44.0000 33.7514
45.0000 35.6555
46.0000 40.1847
47.0000 45.0526
48.0000 52.2513
49.0000 57.4710
50.0000 60.7378
51.0000 65.6109
52.0000 71.5926
53.0000 72.1549
54.0000 81.0798
55.0000 95.0508
56.0000 95.1187
57.0000 106.2851
58.0000 121.1512
59.0000 127.1293
60.0000 141.5091
61.0000 149.2488
62.0000 176.0624
63.0000 190.0750
64.0000 195.4670
65.0000 199.4342
66.0000 237.2105
67.0000 241.6537
68.0000 258.3164
69.0000 276.2389
70.0000 291.7803
71.0000 322.9556
72.0000 353.2309
73.0000 373.0099
74.0000 405.2558
75.0000 417.7400
76.0000 444.7279
77.0000 484.0155
78.0000 529.0629
79.0000 546.3521
80.0000 569.6673
81.0000 582.1268
82.0000 656.7528
83.0000 692.1173
84.0000 755.5669
85.0000 825.7346
86.0000 849.2281
87.0000 862.7473
88.0000 920.5802
89.0000 992.9397
90.0000 1029.2516
91.0000 1076.7391
92.0000 1150.9998
93.0000 1191.3346
94.0000 1294.1811
95.0000 1461.7430
96.0000 1643.0372
97.0000 1698.1661
98.0000 1754.4921
99.0000 1879.6431
100.0000 1938.8444
101.0000 2078.6375
102.0000 2044.3206
103.0000 2250.1932
104.0000 2361.7471
105.0000 2431.5679
106.0000 2611.6370
107.0000 2645.5169
108.0000 2912.9296
109.0000 2890.8968
110.0000 3133.1760
111.0000 3251.5847
112.0000 3481.1184
113.0000 3509.9446
